10042055
10057608
10598702
11188967
11275441
11287767
11418230
11486372
11507229
11715866
11992832
12112483
12289378
12293355
12542142
12656695
12780703
13092959
13111491
13241014
13530241
14040721
14175675
14390583
14952019
15487950
15785561
16020939
16853657
16863149
16913125
16935973
17086721
17437941
17675569
18075722
18346018
18628150
18706034
18754574
19061811
19251414
19272639
19498608
19517140
19702233
19745900
19966838
20037920
20192639
30293054
30629079
30733891
30756617
30826086
40006207
40179385
40262354
40531258
40550164
50466110
50492523
50682950
50694555
60148502
60238506
60338620
70059005
70572554
70636351
70863791
70995736
71382449
71429144
71705246
71936712
72111792
72164642
